.Random.seed <-
c(403L, 10L, 82586533L, -1750135972L, 648959794L, -1092442579L, 
-1603703577L, 577420814L, 1597375464L, 1535811051L, 1522615945L, 
-1963952616L, 495500614L, 1596316577L, -957573581L, 1418480546L, 
-1026883948L, 1123622167L, -490632435L, -1005659612L, -517094902L, 
515693429L, -92684593L, 1101451734L, -870728320L, -1760905789L, 
-1292446879L, 963799504L, -995614418L, 1946601689L, -1552235797L, 
223760218L, 1637857564L, 883593247L, -1055474571L, -171218676L, 
-1427675934L, 470412733L, -1727391177L, 107161822L, 1019085848L, 
-1099162757L, -799470823L, 476854184L, -1482844330L, -429633583L, 
120769411L, -960319982L, -1957590620L, -1036767897L, 1843679933L, 
42095156L, 1116260762L, -489998875L, 911659391L, 1416919302L, 
1893966480L, -1551801549L, 1541994705L, 315423360L, -1833940130L, 
-1191602007L, 483130203L, -1121719958L, -45458420L, 297843791L, 
-703664891L, 344264124L, 1332029586L, -804779123L, -2086720569L, 
488435886L, -1593573112L, 994287371L, -1983993367L, 1766747832L, 
393804134L, -1201161727L, 1086829715L, -1028419774L, 1239056628L, 
450297079L, 1285190893L, 797312900L, 2009135530L, 1793793813L, 
1623768495L, 1004832182L, 1441586144L, -278940893L, 709440577L, 
99542832L, 1354007886L, 217712569L, 1854783947L, -1147510150L, 
-1126275204L, 1048602559L, 2145939605L, -1668546900L, 218385538L, 
1153678429L, 1300947799L, -1522966978L, -1214606728L, -1289682597L, 
-947826503L, 768737544L, 842257334L, 13635825L, -113694941L, 
1880793458L, -1267502140L, -275710073L, 1137296733L, 1209613140L, 
-751304326L, -1995076411L, 108441119L, -1552766554L, 2043046704L, 
-1822742061L, -766914575L, 335960352L, 523880382L, 1794377673L, 
1360725883L, 1821171018L, 284031404L, -951470929L, -1657221531L, 
-778676708L, 154962034L, -202363155L, -810945753L, 1375645518L, 
622249896L, -1416318037L, -1380339511L, 1238350040L, 929121670L, 
-1061831583L, 2046815731L, -1666028446L, 1393601236L, -1537786921L, 
1316852173L, -441522844L, -1707912886L, -1548109643L, -629633009L, 
1468238102L, -1045072960L, 933633923L, -272314975L, -25710192L, 
1152899694L, 831626265L, 1424629931L, 332899482L, -917965732L, 
731156831L, 616223541L, -1543948596L, 995214370L, 1326667389L, 
-26358921L, 1200342174L, -269442216L, 1762887355L, -1841534887L, 
-984556568L, -1353384426L, -1586871919L, -1797328317L, -1795722926L, 
-1048164892L, -1004925913L, -369239939L, -1531968140L, -698488486L, 
-2037907547L, 1810522047L, -360696762L, 348058320L, -445342477L, 
-616924655L, -349152192L, 1833160734L, 1718079209L, 1699933211L, 
-1092246486L, 775911244L, 1942211855L, -832065467L, 86841852L, 
362313810L, 58376653L, 144827271L, -2034399634L, -1733294520L, 
1580638283L, -1420973655L, -1055816456L, 302231590L, -1319550655L, 
-1204273453L, 375334530L, 1549577396L, -1033874377L, -469084371L, 
86529092L, 345184618L, 1541830101L, 1663701871L, 1223625334L, 
708701600L, -607823261L, 1478281985L, 1825923696L, 964550158L, 
1140897401L, -978091509L, -471532742L, -1280613828L, -1765990017L, 
-1282479403L, -1981519124L, 1947982914L, 1434655290L, 59339984L, 
1492685932L, 1898852020L, -903198702L, -1627912224L, 657744844L, 
-630260256L, 399753762L, 1052978472L, 1919821068L, -1350508996L, 
-1585606414L, -557854992L, -547000508L, -633405864L, -1357559238L, 
2137255664L, -702082884L, -1264086508L, -1642752830L, -899468192L, 
-1657471620L, 8900816L, -266157022L, -2144149848L, -854522996L, 
-5599812L, -415794126L, -1214961856L, 2090575028L, -489199800L, 
-1677587782L, 560873232L, -983933716L, -881998764L, -251728110L, 
-508840032L, 223138764L, 187970400L, -1072053054L, -617933272L, 
-958048852L, 1308109628L, 588527474L, 885774128L, -1694525916L, 
78914616L, 109887706L, -1088842352L, 2083240700L, 1390810004L, 
1144641346L, -1056252416L, 1631782460L, 270879312L, 304797346L, 
-796245176L, -1883590132L, 1748367580L, 1024834130L, 226218112L, 
-924759212L, -1992219160L, -1922613510L, -1442051248L, 1614162988L, 
678873460L, -1034619246L, -1547252128L, -2082462068L, -1938655392L, 
-1885398302L, -1571278680L, 349027532L, 322134524L, 810729394L, 
1605413360L, 1669465540L, -284665000L, 1384877946L, -817195600L, 
1828820412L, -1735064492L, 546588610L, -545970400L, 2116434876L, 
1231115856L, 482470370L, -1600416408L, 111783244L, -846097156L, 
1564547826L, 536126208L, -1397911948L, -551037944L, 1968372154L, 
1543861200L, 1916823020L, -724119660L, 525942482L, 1331481184L, 
-363274932L, 737845536L, -117408126L, -1076054552L, 1417409516L, 
-401024452L, -295823758L, -983135376L, -1805012700L, 1655382584L, 
886389146L, -2034102832L, -1951875652L, 308151444L, 1949608066L, 
631791040L, 1414635324L, 1682739344L, -1715606750L, -801252856L, 
1889691916L, -2050532964L, 918456850L, -1062338688L, 271018772L, 
539218216L, -1838540742L, 403282896L, 1048587884L, 912658996L, 
-877590894L, -891425440L, 242190668L, 2056635360L, -2104299102L, 
-374875736L, 431756940L, 1321209276L, 1356235378L, 98700272L, 
1919971908L, 54734936L, 598213690L, 1580987504L, -2129775556L, 
1769354516L, -397231422L, -197749024L, -1689867140L, -1177806128L, 
-1659582046L, 1672829992L, 1048925964L, -1852695108L, 1679718194L, 
-110428480L, -648814540L, -1464025400L, 1472489658L, 1566634640L, 
1035583212L, -953210284L, -1127551342L, -601256672L, -1526364724L, 
-272474400L, -505969470L, 1741896744L, -160160852L, 1345261244L, 
-390514702L, 1680575024L, -753892444L, 1276951992L, -1233510566L, 
373735568L, -1917939844L, 2075260180L, 466303298L, 1350554880L, 
963924412L, 1686205776L, -489553630L, 1520947784L, 1909330956L, 
-1411149220L, 1813501394L, 231370240L, 334371156L, -72409880L, 
-370308870L, -76182832L, 627826476L, -1603341068L, 153849234L, 
775094624L, -1450061812L, -520087328L, -440236446L, 1173921960L, 
616394828L, 1857980284L, -1785328334L, -1370132880L, 1383343940L, 
1793842136L, -1418344582L, -269294544L, 1028499388L, -687117740L, 
1092200514L, -1359178080L, 2083902140L, 203890640L, 1310015842L, 
-1714418968L, 1780780236L, -948626948L, -1248349710L, 762710144L, 
-856490508L, 673155720L, -229660870L, 1447252304L, 605155436L, 
-1004921805L, 977779349L, -1733719310L, 969241408L, 621893801L, 
-1206317797L, -1534895380L, -183761158L, -1161423057L, 1632343865L, 
-2023339698L, -1962739812L, 965563661L, -105431177L, 1637456768L, 
-267021858L, 518383275L, 990824877L, 854236698L, -851500840L, 
1413131585L, -1415838221L, 609117204L, 1908861346L, 1404944055L, 
-349202303L, 1563684998L, -1078647612L, 1615987189L, -906306465L, 
-1894203720L, -1232113770L, 249226659L, 1273919845L, 1318301826L, 
-1202685456L, 21000089L, -351876725L, -1899670404L, 1267580586L, 
394442975L, -1582805399L, 1090788478L, 301446252L, -655022915L, 
27540871L, 1739987312L, 481385486L, -1539935941L, -406831587L, 
-88964406L, 1719791080L, -526486831L, -543183165L, -1117551164L, 
1322529394L, -1984263353L, -717868271L, 1329692310L, 163214324L, 
-784958075L, 1922666703L, 875133384L, -1924655002L, 628821651L, 
-223945227L, -43524142L, 1869757472L, 1335754249L, -838449349L, 
1768557196L, -1306783974L, 1167655311L, -814596391L, -702594706L, 
571444476L, -1685535123L, 800117271L, -2011281440L, -342850626L, 
-1043570293L, -1462775283L, -2045432262L, -1057544584L, -572428767L, 
-1376952109L, -1599766540L, 309811330L, -604647145L, -1323948063L, 
-323948250L, -159068124L, -317279531L, 294698623L, 210710296L, 
-462545354L, -1346350909L, 324996357L, -906644318L, -2047096176L, 
-1996245447L, 1723524843L, 1498404828L, 2044140042L, 1011010815L, 
-741054135L, -543253794L, -26294132L, 2037989469L, -144691609L, 
128606096L, 1975169966L, -1026442661L, -1195772355L, 1134610602L, 
1059920200L, -1229779599L, 259779299L, -1885322780L, 1578528018L, 
1468776679L, -165620047L, -1576317706L, -539259116L, -650999771L, 
-1729336017L, -628391192L, 208043974L, 1744798323L, 1200792789L, 
-1761532238L, 1657273984L, 970589801L, -1271428389L, -1479297492L, 
1094096442L, 949719279L, -1744036999L, -2097924082L, 988224988L, 
-2036150707L, 959212983L, -105364672L, 265851422L, -662424341L, 
